Hyur
Masculine
7453000
7452000
7451000
7403000
7402000
7401000
7353000
7352000
7351000
7303000
7302000
7301000
Feminine
7456000
7455000
7454000
7406000
7405000
7404000
7356000
7355000
7354000
7306000
7305000
7304000
Elezen
Masculine
7465000
7464000
7463000
7415000
7414000
7413000
7365000
7364000
7363000
7315000
7314000
7313000
Feminine
7468000
7467000
7466000
7418000
7417000
7416000
7368000
7367000
7366000
7318000
7317000
7316000
Lalafell
Masculine
7459000
7458000
7457000
7409000
7408000
7407000
7359000
7358000
7357000
7309000
7308000
7307000
Feminine
7462000
7461000
7460000
7412000
7411000
7410000
7362000
7361000
7360000
7312000
7311000
7310000
Miqo'te
Masculine
7477000
7476000
7475000
7427000
7426000
7425000
7377000
7376000
7375000
7327000
7326000
7325000
Feminine
7429000
7428000
7380000
7379000
7480000
7479000
7478000
7430000
7378000
7330000
7329000
7328000
Roe
Masculine
7483000
7482000
7481000
7433000
7432000
7431000
7383000
7382000
7381000
7333000
7332000
7331000
Feminine
7486000
7485000
7485000
7484000
7436000
7435000
7434000
7386000
7385000
7384000
7336000
7335000
AuRa
Masculine
7489000
7488000
7487000
7439000
7438000
7437000
7389000
7388000
7387000
7339000
7338000
7337000
Feminine
7492000
7491000
7490000
7442000
7441000
7440000
7392000
7391000
7390000
7342000
7341000
7340000
Hrothgar
Masculine
17453000
17452000
17451000
17403000
17402000
17401000
17353000
17352000
17351000
17303000
17302000
17301000
Feminine












Viera
Masculine
17459000
17458000
17457000
17409000
17408000
17407000
17359000
17358000
17357000
17309000
17308000
17307000
Feminine
17462000
17461000
17460000
17412000
17411000
17410000
17362000
17361000
17360000
17312000
17311000
17310000
