9
Midlander
Masculine
0.03
0.08
0.05
0.13
7.67
0.20
0.20
0.01
0.18
0.08
0.21
0.30
0.12
0.56
0.15
0.24
Feminine
0.10
0.30
0.17
0.15
5.53
0.37
0.12
0.28
0.31
0.19
0.26
0.27
0.08
0.59
0.24
0.07
Highlander
Masculine
0.10
1.50
0.77
0.24
4.68
0.78
0.38
0.43
0.40
0.07
0.29
1.00
0.17
0.87
0.20
0.25
Feminine
1.15
0.44
0.04
0.37
6.47
0.41
0.38
0.29
0.61
0.20
0.16
0.26
0.18
0.04
0.27
0.12
Elezen
Masculine
0.21
0.13
0.48
0.28
4.96
0.20
0.20
0.16
0.07
0.16
0.30
0.10
0.13
0.83
0.21
0.05
Feminine
0.06
0.30
0.16
0.60
6.57
0.67
0.43
0.37
0.60
0.30
0.93
1.03
0.21
0.70
0.23
0.26
Lalafell
Masculine
0.06
0.10
0.10
0.10
7.97
0.33
0.16
0.20
0.50
0.17
0.34
1.12
0.09
0.20
0.26
0.26
Feminine
0.18
0.08
0.22
0.28
7.97
0.10
0.29
0.05
0.24
0.34
0.34
0.08
0.07
0.36
0.35
0.32
Miqo'te
Masculine
0.14
0.10
0.12
0.30
6.41
0.50
0.50
0.16
0.28
0.06
0.69
0.36
0.44
0.02
0.18
0.30
Feminine
0.07
0.24
0.14
2.00
6.93
0.14
0.09
0.41
0.37
0.05
0.13
0.30
0.09
0.59
0.21
0.31
Roegadyn
Masculine
0.26
0.10
0.10
0.07
4.17
0.69
0.32
0.19
0.19
0.19
0.59
0.19
0.22
0.45
0.73
0.61
Feminine
0.20
0.15
0.40
0.27
5.72
0.07
0.27
0.30
0.67
0.05
0.43
0.26
0.23
0.63
0.17
0.14
AuRa
Masculine
0.60
0.44
0.79
0.52
1.09
0.64
1.17
1.29
0.44
1.03
1.98
1.31
0.85
0.76
0.67
0.61
Feminine
0.77
1.37
2.86
0.89
6.80
0.88
1.15
0.59
0.61
0.96
0.73
1.08
1.14
0.69
0.03
0.03
Hrothgar
Masculine
0.56
0.41
0.62
0.98
6.00
0.98
0.90
0.73
0.77
1.26
0.90
0.90
0.59
0.70


Feminine
















Viera
Masculine
0.51
0.93
1.19
0.81
6.00
0.83
0.46
0.56
0.82
0.69
1.27
1.21
0.74
0.88


Feminine
0.49
1.05
0.76
0.94
6.20
0.50
0.92
1.10
0.93
1.06
1.23
1.00
1.42
0.72


